===== Check comment data =====

> Check sample records...
           dt  sku_id  comment_num  has_bad_comment  bad_comment_rate
0  2016-02-01    1000            3                1            0.0417
1  2016-02-01   10000            2                0            0.0000
2  2016-02-01  100011            4                1            0.0376
3  2016-02-01  100018            3                0            0.0000
4  2016-02-01  100020            3                0            0.0000
5  2016-02-01  100021            1                0            0.0000
6  2016-02-01  100028            1                0            0.0000
7  2016-02-01  100031            3                0            0.0000
8  2016-02-01  100033            2                0            0.0000
9  2016-02-01  100035            1                1            1.0000

> Count records...
558552

> Count comments by dt...
2016-02-01    46546
2016-02-08    46546
2016-02-15    46546
2016-02-22    46546
2016-02-29    46546
2016-03-07    46546
2016-03-14    46546
2016-03-21    46546
2016-03-28    46546
2016-04-04    46546
2016-04-11    46546
2016-04-15    46546
Name: dt, dtype: int64

> Count unique sku_id...
46546

> Count records by comment_num...
2    168698
4    164789
3    119642
1     85430
0     19993
Name: comment_num, dtype: int64

> Count records by has_bad_comment...
0    292978
1    265574
Name: has_bad_comment, dtype: int64

> Count records by bad_comment_rate...
0.0000    292978
0.0006        12
0.0008        12
0.0010        12
0.0012        27
0.0013        46
0.0014        13
0.0015        28
0.0016        33
0.0018         3
0.0019        14
0.0020        66
0.0021        11
0.0022        24
0.0023        37
0.0024        21
0.0025        27
0.0026        43
0.0027        51
0.0028        59
0.0029        13
0.0030        54
0.0031        36
0.0032        73
0.0033        28
0.0034        32
0.0035        39
0.0036        30
0.0037        53
0.0038        61
           ...  
0.3143         1
0.3158        48
0.3200         1
0.3214         1
0.3333      5081
0.3500        12
0.3529        12
0.3571        24
0.3636        31
0.3750       123
0.3800        11
0.3878         1
0.3889        12
0.4000       530
0.4167        12
0.4286        83
0.4444        22
0.4545         2
0.5000      5861
0.5385         1
0.5714        29
0.6000       127
0.6250        24
0.6429        12
0.6667       457
0.7500        69
0.7778         4
0.8000         3
0.8750         1
1.0000      6647
Name: bad_comment_rate, dtype: int64
